0380795272
1416949658
1857231082
0553803700
080213825X
0375913750
074349671X
0743454553
0765317508
0142501085
1442468351
1439152802
0399153942
0441017835
0590554107
1451648537
0590396560
000723368X
0803734735
1592243002
055337849X
0061150142
0739328271
0062076108
039925675X
1595543414
0446679097
0385339607
1250012570
0786838655
0440225450
0743484355
0670016780
0140621733
0061662763
006117758X
1423102266
067056172X
0385339097
0413757102
0441569595
0684833395
1416950737
0140501827
0099285444
0552555703
0671047345
0812995201
0812995341
0553589377
1476798176
0006640613
0395870828
1585678759
0425241130
0743417321
1598184318
0312571259
0345424646
0393062627
0312624670
0451235843
1400079497
1857988094
1423121309
0451169514
0061053562
0156949601
0446617792
0060096187
0345484088
0345379063
0060824972
0312932804
1857989341
0425234339
0765326264
0446580309
0812966929
0062049879
0007198914
0393307050
0802136834
0553590162
0439441722
0446611212
0061092193
034541005X
0670022411
1451683405
0440242916
0060586133
0061006629
0345519515
0316197084
0385341954
0345485793
0671888587
006170654X
0553560735
0316234478
1423140605
0224085611
0765335344
1423108760
0553293427
0739437585
068482535X
0141382899
0802151825
0452287065
034552795X
069401298X
0060852577
0385334230
0312349513
1561797464
0767915593
1400078776
0006161413
0385491069
0451208188
0312942303
0385366434
0345438310
0060652381
140690483X
0743482883
0060744545
0385907508
0385528787
0553804812
0312364687
0671702505
031605755X
0375701230
0582418275
041330860X
0399154302
0224064924
0345495357
0060760885
0375990690
0307347974
0547959206
0553535641
0312377037
0061020664
1416528636
0375822747
0375409289
0810984911
148234873X
0451216725
0743428188
0099366614
0385538030
0316134074
0385335970
0439286069
0553573357
0747560595
0345461622
0743234413
0425201376
0767900383
0739326228
1594481954
0385536073
0765328666
0307272591
0871404028
0062306812
0739380338
0060827882
0385532458
0156030306
0375703055
0060548266
0399156240
0312997124
0670447161
0373250118
0316677469
1250069793
0425256758
0393346773
0140565337
0553584480
0061583073
1401341705
0753820331
1408319462
0060638508
0446608890
030734813X
0688147321
0375868704
0061931411
0751531189
074324754X
0552154288
1400030269
0061002828
0553573861
044101173X
0425205754
0451464397
0060554738
0671670689
1101875895
0340896965
0778325342
0385539703
0399156135
0743484363
006232005X
006102001X
0803734956
038553292X
0316216828
0446573108
068480154X
0399157212
0062267175
0399164421
0060786507
0061719544
0061929379
0380811081
0399157565
0385539126
0316056219
0345482409
0439568404
031624371X
0060512741
0786816589
0316250813
1408816032
0399154779
1476789258
1481420763
1594561753
0316154512
0439405572
0553807188
0765336413
1596435739
0312938829
0515142891
143914799X
0394895894
0804139024
1451681739
0375990674
1416595163
141659518X
0679772677
031632468X
1842322761
0586217835
0345388666
0751504386
1595542779
0505527847
1414334095
0399157441
0670020559
0446602213
0345435168
0345515633
0451458923
0316204366
067973225X
0373210337
0345460065
0316002895
0446556815
0061836923
0752860550
1849234752
0446692654
0062284835
0553376055
0743223136
0312364083
0439023513
0380815583
0425067823
0446545244
0758216416
031285787X
0316024643
0142401447
1416549978
0413771164
1842431021
0552152161
1439102414
0061985880
0140013083
0140558640
1620610078
1250077699
0060744871
0385333900
0060513098
0446693804
1416975888
1401322786
0345347951
0385735294
0061020648
006093316X
1936305623
0312939035
0765348802
0399158820
0060739428
0143417231
0385342020
0446402400
0345418417
1423134494
0553805487
0743281640
0316037885
0345487133
0316009857
0812508440
034525855X
0553813145
0786890754
0060598328
0765343436
0515121843
0450040186
1568650949
0060734000
0770430074
0385739141
0385542070
1423104870
0692572031
0743422449
0312364105
2266120921
0758290411
0671729454
0345503813
1101946342
0553804804
044021145X
1416950079
0061284203
1597372552
0061726834
0886774268
8129115301
0345418425
1596434465
0375706410
1599906953
0393065782
0553805460
006053124X
0425189031
0743253426
006124242X
0399150862
1590385810
0743233492
0307269760
0425143325
0802734375
0671027638
0345481291
0440225442
0312933541
0312941919
1606841750
0385743602
0060935499
0446610178
0671578855
0425267040
0316166294
1250019672
0307341542
0440226708
0312554192
1455536253
0804188246
1439166641
0515144665
0575075066
0749934395
1937248097
068987121X
0425267083
0812992792
0399162437
0553582917
1416571736
0062317148
0316097527
1599903385
0753510995
076534629X
0062194720
0812966295
0446694843
1416951172
0140042520
0743231511
0446613355
0441010288
0399162593
0752849190
0142401102
0345313151
1616149981
0007191324
0399155015
0441627404
1933718552
0140260706
0099549344
0140230270
0061138061
1416505016
0803734964
0552152951
1439102724
0312426232
0061449121
0765357054
067001821X
1250060559
0061668060
1414336241
0553589458
1594631573
0061094145
0446608815
0142501107
0399161481
042520992X
0679745580
1400033446
0141043768
044657967X
0312983220
0345443284
0385352093
0553392921
0140086838
0752876457
0786901640
0062235672
0064472795
0399256776
0061692042
043933909X
1442430001
0307119394
0756403014
0395137195
1595540342
1439191379
147679250X
0446699535
0843955287
0316051594
0316101842
2266079999
0340881542
0553584502
1921351438
1596912855
1554682746
1416963960
0061583227
1416532358
0778324516
1565126297
0060182989
0425099334
0451225090
0062280678
0553382616
0060887370
0385733410
0312986343
0062331159
0679732268
1595141987
1892295490
0451209435
0345454944
0060548258
0575079797
0394298667
031236847X
0557364639
0141311371
0312954468
0688114490
0515144592
1455521213
0399154701
0991686004
1416960597
1587672286
0743290119
0976165910
0330376152
0061240273
0689860072
0767912276
0373777922
0307595129
0316018953
0767912241
0380817934
0978970764
0380712040
0758216424
0312360401
0142401757
0345505719
0316084220
0099578514
1250091845
0441020429
1423140591
055358359X
0425190447
0345484274
0451933028
0062220969
0553248642
0446195502
0641645473
0061020001
0812517725
0142408786
1400068320
0763619612
0751530492
0316012823
0451219945
0844662925
1250022088
0553282093
0440212812
0743454537
0142000205
0590396439
0307588920
1101875100
0375701907
074326195X
0553277405
0756409608
0373210582
0670018708
006083577X
078685197X
0425204693
0812550706
0743442849
1416509879
1416521690
0061148512
0330412744
0671744216
0375814701
0399148701
0765318415
031603617X
1846054761
0099453452
1466867507
0743265025
0156031566
1594487561
084394952X
0345335708
0316123404
0425197395
0739465511
075280944X
1599904780
0316068047
1439147973
042519485X
1411608313
0345475836
0552148032
144242673X
0399167838
1401204953
0743243315
0380820854
0553499114
141971189X
0727853414
0553418297
0310247535
0440229081
0747541604
0330369032
1451629184
0743225082
0060256656
0062059939
0140283331
0399169520
0552154180
0064473457
0316261130
0812984277
1442409096
0816638624
0545424984
0553295411
0312364423
0425214435
0425213978
1849231842
0007120680
054522490X
0441013813
0451461037
0399155988
0743496728
0743466527
1451617720
0694011479
0007117140
1453688935
1463756976
0142001821
1402262272
1931514607
0671027581
0441172695
1401324436
0743294270
0441783589
1937053164
0517223007
0755328175
067172939X
0758216432
006079156X
1402284314
0385351399
0451224639
0439796636
0451239350
0425157539
0553588486
0061433012
0316098337
1423121325
0553573764
0062430874
0001713221
0060786469
0312369506
192076920X
0553575422
0553266306
1857984986
0552992097
1501132938
0679753338
1414368186
0061120073
0393079988
0440800463
0060590319
0062377183
0544303164
0689869126
000748805X
0451458125
0060593083
0670012947
0425201449
0743437314
1423194551
0141014083
006173506X
0399154345
0060512148
0915297019
159514398X
125011117X
0689846231
0060724552
0312546564
023070395X
0142405787
0449221490
0689857705
0446674575
0446350982
1400080665
0061257095
0385539258
034553283X
0399168796
0802798233
080508052X
1455503258
0764200119
0812541626
0060988649
0446321214
0330369954
0062380877
0756402697
0525478817
1450595987
0684853159
0446614459
0380820889
1442435003
0671876465
0670021474
0316074152
0156030373
0142002054
0062076116
1841493341
0451217454
1580495869
1841497975
0446577391
0060090383
031262168X
1841150509
0739377728
0553381342
2264022442
0345807952
0670021679
0316921173
0765354063
0441013465
140679239X
0312656289
0441015271
1416974520
0439050227
1476731535
0425212033
0345496876
097915930X
039515023X
0749932775
0812997530
0140089225
0675093244
044669567X
0064440206
0689865384
0553582461
0061138010
044900483X
0446604844
0449213447
075283455X
0684815001
0676979564
0142002070
0547152604
0375724370
0316036196
8176210773
184243022X
1434764338
0345396553
042524413X
0689840349
0440236703
1937053148
0307596850
1500607533
0553816713
0553582747
0060959037
0152802177
1560974273
0812968972
0312934327
0399156577
0743271327
0425198731
1439102759
0061996181
0963192566
0199291152
0061015725
0739464469
0385339410
0375760385
1565125967
0752864327
0345496574
0451461894
0142000663
0575077026
0345339738
0545040566
006074457X
0988393506
1860498809
1616203048
1594200823
0380803267
044657449X
0439858054
031612611X
0739418378
059039696X
0446603775
0330418874
0099465639
0007325983
0451188462
0547251270
0671877836
0316187712
0752876813
0553565079
0316334529
0060809086
0440236738
0385341962
0441014895
0689840926
0441017150
1405258217
1606841440
0316187747
0316097772
0312370156
0545135702
0763655988
0330449605
0316767727
0062268341
0060838728
0718154959
000710653X
0446569895
0743294386
0930452895
1414310560
1455807044
061870986X
034553364X
0060577371
0141184272
0812515285
0743299841
0399155341
0451463722
039925482X
1573226521
1416918736
1250014522
0803738552
0446528056
0142000655
0385341636
0670061050
0312424094
0060757639
0141439882
0756401933
0451211472
0061767581
0307277712
0553582933
0446500038
0140621318
0515126772
0590554115
0425241505
0749748001
0393318486
0385732554
0743453964
0743269268
0425270696
0440975344
0060608528
0525953507
0671042572
0679879242
038531387X
0316043893
0676977731
0007158475
0385611072
0316219126
0385344406
0345544927
009959241X
0330311735
0874778883
0452298385
0312181108
159514322X
0399158278
0446699454
0345497457
0807083690
0061345695
0451412354
0061726818
0553119222
0192833596
0446696129
0743484274
0765354942
0425267067
0573613311
052595158X
006098824X
0356501507
1841494186
0553575376
1430300612
0312555113
0385533853
0553214322
0141301066
0446695661
0812974018
0061259349
1842430351
0316018600
0312990960
0060987049
0312577206
0553258478
1442402008
0060534052
0451209303
0515142883
0316036064
1439187312
1476789630
0140169300
0345330137
0399252517
0142002801
1501101536
0425203891
081297235X
141699792X
0765319853
0330419641
0375761411
067155302X
0312591829
0192838628
0671704656
1250049377
0473235501
067972477X
0091940737
2290011150
0385339593
0758266944
0446364800
0307098222
1682305031
0767904427
0375421874
0749934085
1400063841
0842382895
0446564087
0393312801
0060584025
0399153357
1476712980
0670020486
1442422017
0385337930
0140620613
0425247546
